1.0000260000
0.9991481000
0.9984552000
0.9978460000
0.9972785000
0.9967306000
0.9961880000
0.9956458000
0.9950972000
0.9945393000
0.9939705000
0.9933870000
0.9927883000
0.9921724000
0.9915409000
0.9908901000
0.9902214000
0.9895328000
0.9888260000
0.9880992000
0.9873516000
0.9865857000
0.9857985000
0.9849906000
0.9841632000
0.9833163000
0.9824484000
0.9815599000
0.9806516000
0.9797238000
0.9787761000
0.9778082000
0.9768203000
0.9758131000
0.9747863000
0.9737413000
0.9726772000
0.9715930000
0.9704908000
0.9693711000
0.9682325000
0.9670758000
0.9659013000
0.9647097000
0.9635010000
0.9622741000
0.9610317000
0.9597718000
0.9584965000
0.9572053000
0.9558975000
0.9545753000
0.9532371000
0.9518841000
0.9505170000
0.9491346000
0.9477396000
0.9463294000
0.9449065000
0.9434706000
0.9420216000
0.9405601000
0.9390858000
0.9375998000
0.9361015000
0.9345924000
0.9330726000
0.9315410000
0.9299994000
0.9284475000
0.9268859000
0.9253146000
0.9237332000
0.9221438000
0.9205446000
0.9189369000
0.9173219000
0.9156981000
0.9140672000
0.9124283000
0.9107840000
0.9091314000
0.9074728000
0.9058075000
0.9041364000
0.9024603000
0.9007779000
0.8990907000
0.8973987000
0.8957021000
0.8940017000
0.8922962000
0.8905870000
0.8888749000
0.8871587000
0.8854398000
0.8837183000
0.8819937000
0.8802674000
0.8785381000
0.8768074000
0.8750746000
0.8733412000
0.8716060000
0.8698697000
0.8681325000
0.8663952000
0.8646572000
0.8629194000
0.8611818000
0.8594432000
0.8577065000
0.8559699000
0.8542348000
0.8524999000
0.8507662000
0.8490338000
0.8473036000
0.8455750000
0.8438489000
0.8421235000
0.8404016000
0.8386813000
0.8369637000
0.8352495000
0.8335377000
0.8318290000
0.8301238000
0.8284216000
0.8267231000
0.8250283000
0.8233370000
0.8216499000
0.8199667000
0.8182872000
0.8166128000
0.8149422000
0.8132766000
0.8116156000
0.8099593000
0.8083070000
0.8066612000
0.8050192000
0.8033831000
0.8017517000
0.8001259000
0.7985061000
0.7968919000
0.7952825000
0.7936793000
0.7920828000
0.7904907000
0.7889054000
0.7873265000
0.7857535000
0.7841858000
0.7826250000
0.7810710000
0.7795232000
0.7779819000
0.7764474000
0.7749196000
0.7733980000
0.7718832000
0.7703758000
0.7688745000
0.7673808000
0.7658934000
0.7644131000
0.7629403000
0.7614743000
0.7600161000
0.7585641000
0.7571199000
0.7556834000
0.7542531000
0.7528316000
0.7514156000
0.7500091000
0.7486083000
0.7472162000
0.7458305000
0.7444538000
0.7430837000
0.7417208000
0.7403663000
0.7390193000
0.7376799000
0.7363478000
0.7350234000
0.7337077000
0.7323983000
0.7310979000
0.7298044000
0.7285193000
0.7272415000
0.7259716000
0.7247095000
0.7234558000
0.7222094000
0.7209708000
0.7197399000
0.7185176000
0.7173032000
0.7160959000
0.7148965000
0.7137053000
0.7125224000
0.7113466000
0.7101786000
0.7090192000
0.7078671000
0.7067242000
0.7055882000
0.7044598000
0.7033390000
0.7022264000
0.7011220000
0.7000255000
0.6989366000
0.6978563000
0.6967833000
0.6957184000
0.6946614000
0.6936112000
0.6925696000
0.6915364000
0.6905104000
0.6894924000
0.6884823000
0.6874799000
0.6864851000
0.6854986000
0.6845194000
0.6835482000
0.6825839000
0.6816284000
0.6806805000
0.6797400000
0.6788079000
0.6778829000
0.6769659000
0.6760569000
0.6751545000
0.6742608000
0.6733746000
0.6724957000
0.6716240000
0.6707604000
0.6699048000
0.6690570000
0.6682160000
0.6673826000
0.6665577000
0.6657391000
0.6649288000
0.6641257000
0.6633306000
0.6625425000
0.6617622000
0.6609896000
0.6602237000
0.6594653000
0.6587154000
0.6579718000
0.6572364000
0.6565082000
0.6557871000
0.6550729000
0.6543667000
0.6536682000
0.6529765000
0.6522925000
0.6516150000
0.6509459000
0.6502833000
0.6496281000
0.6489810000
0.6483402000
0.6477065000
0.6470809000
0.6464612000
0.6458494000
0.6452455000
0.6446485000
0.6440581000
0.6434743000
0.6428993000
0.6423296000
0.6417686000
0.6412139000
0.6406658000
0.6401258000
0.6395922000
0.6390658000
0.6385467000
0.6380347000
0.6375288000
0.6370309000
0.6365389000
0.6360551000
0.6355780000
0.6351070000
0.6346436000
0.6341873000
0.6337377000
0.6332947000
0.6328595000
0.6324311000
0.6320091000
0.6315939000
0.6311854000
0.6307843000
0.6303896000
0.6300015000
0.6296210000
0.6292469000
0.6288793000
0.6285191000
0.6281656000
0.6278190000
0.6274790000
0.6271453000
0.6268191000
0.6264989000
0.6261862000
0.6258799000
0.6255806000
0.6252879000
0.6250014000
0.6247219000
0.6244498000
0.6241840000
0.6239246000
0.6236722000
0.6234260000
0.6231861000
0.6229535000
0.6227283000
0.6225089000
0.6222959000
0.6220904000
0.6218908000
0.6216987000
0.6215115000
0.6213331000
0.6211595000
0.6209933000
0.6208345000
0.6206818000
0.6205351000
0.6203953000
0.6202619000
0.6201353000
0.6200152000
0.6199027000
0.6197952000
0.6196954000
0.6196019000
0.6195151000
0.6194347000
0.6193604000
0.6192938000
0.6192330000
0.6191793000
0.6191313000
0.6190909000
0.6190563000
0.6190292000
0.6190079000
0.6189936000
0.6189855000
0.6189845000
0.6189901000
0.6190014000
0.6190207000
0.6190457000
0.6190770000
0.6191153000
0.6191607000
0.6192118000
0.6192700000
0.6193353000
0.6194059000
0.6194837000
0.6195690000
0.6196601000
0.6197579000
0.6198629000
0.6199738000
0.6200918000
0.6202161000
0.6203472000
0.6204851000
0.6206294000
0.6207805000
0.6209384000
0.6211033000
0.6212742000
0.6214520000
0.6216368000
0.6218285000
0.6220263000
0.6222311000
0.6224426000
0.6226612000
0.6228859000
0.6231175000
0.6233559000
0.6236014000
0.6238537000
0.6241124000
0.6243780000
0.6246506000
0.6249301000
0.6252159000
0.6255089000
0.6258087000
0.6261157000
0.6264290000
0.6267495000
0.6270764000
0.6274103000
0.6277515000
0.6280992000
0.6284548000
0.6288162000
0.6291849000
0.6295603000
0.6299429000
0.6303329000
0.6307289000
0.6311331000
0.6315440000
0.6319611000
0.6323857000
0.6328171000
0.6332563000
0.6337023000
0.6341547000
0.6346149000
0.6350814000
0.6355559000
0.6360368000
0.6365256000
0.6370204000
0.6375232000
0.6380334000
0.6385497000
0.6390742000
0.6396048000
0.6401438000
0.6406898000
0.6412422000
0.6418031000
0.6423697000
0.6429451000
0.6435270000
0.6441156000
0.6447131000
0.6453167000
0.6459279000
0.6465461000
0.6471721000
0.6478052000
0.6484462000
0.6490945000
0.6497488000
0.6504120000
0.6510827000
0.6517596000
0.6524443000
0.6531375000
0.6538372000
0.6545443000
0.6552594000
0.6559813000
0.6567108000
0.6574488000
0.6581931000
0.6589454000
0.6597057000
0.6604720000
0.6612472000
0.6620302000
0.6628202000
0.6636173000
0.6644232000
0.6652351000
0.6660559000
0.6668830000
0.6677192000
0.6685621000
0.6694130000
0.6702706000
0.6711372000
0.6720110000
0.6728917000
0.6737808000
0.6746771000
0.6755810000
0.6764937000
0.6774120000
0.6783397000
0.6792742000
0.6802166000
0.6811664000
0.6821244000
0.6830900000
0.6840630000
0.6850432000
0.6860320000
0.6870281000
0.6880317000
0.6890434000
0.6900621000
0.6910882000
0.6921233000
0.6931648000
0.6942143000
0.6952718000
0.6963363000
0.6974087000
0.6984883000
0.6995762000
0.7006713000
0.7017741000
0.7028843000
0.7040021000
0.7051278000
0.7062601000
0.7074006000
0.7085489000
0.7097041000
0.7108671000
0.7120372000
0.7132147000
0.7143998000
0.7155930000
0.7167928000
0.7179995000
0.7192145000
0.7204355000
0.7216653000
0.7229014000
0.7241454000
0.7253962000
0.7266536000
0.7279187000
0.7291908000
0.7304703000
0.7317559000
0.7330498000
0.7343499000
0.7356561000
0.7369708000
0.7382910000
0.7396190000
0.7409527000
0.7422935000
0.7436417000
0.7449956000
0.7463571000
0.7477245000
0.7490980000
0.7504780000
0.7518647000
0.7532579000
0.7546564000
0.7560621000
0.7574735000
0.7588905000
0.7603135000
0.7617430000
0.7631777000
0.7646195000
0.7660653000
0.7675174000
0.7689750000
0.7704386000
0.7719075000
0.7733806000
0.7748605000
0.7763445000
0.7778340000
0.7793279000
0.7808269000
0.7823312000
0.7838389000
0.7853526000
0.7868696000
0.7883921000
0.7899175000
0.7914482000
0.7929824000
0.7945206000
0.7960630000
0.7976081000
0.7991581000
0.8007105000
0.8022666000
0.8038259000
0.8053885000
0.8069541000
0.8085218000
0.8100922000
0.8116656000
0.8132414000
0.8148189000
0.8163987000
0.8179811000
0.8195645000
0.8211502000
0.8227369000
0.8243247000
0.8259143000
0.8275039000
0.8290950000
0.8306871000
0.8322795000
0.8338717000
0.8354641000
0.8370563000
0.8386485000
0.8402402000
0.8418309000
0.8434211000
0.8450111000
0.8465984000
0.8481854000
0.8497697000
0.8513535000
0.8529345000
0.8545129000
0.8560894000
0.8576632000
0.8592338000
0.8608008000
0.8623655000
0.8639263000
0.8654827000
0.8670353000
0.8685842000
0.8701280000
0.8716671000
0.8732010000
0.8747300000
0.8762536000
0.8777722000
0.8792840000
0.8807897000
0.8822886000
0.8837810000
0.8852664000
0.8867441000
0.8882156000
0.8896781000
0.8911329000
0.8925798000
0.8940184000
0.8954476000
0.8968676000
0.8982785000
0.8996800000
0.9010712000
0.9024523000
0.9038236000
0.9051834000
0.9065327000
0.9078704000
0.9091971000
0.9105116000
0.9118144000
0.9131042000
0.9143816000
0.9156465000
0.9168987000
0.9181364000
0.9193609000
0.9205719000
0.9217685000
0.9229502000
0.9241176000
0.9252692000
0.9264065000
0.9275280000
0.9286333000
0.9297228000
0.9307959000
0.9318532000
0.9328931000
0.9339157000
0.9349207000
0.9359094000
0.9368799000
0.9378316000
0.9387653000
0.9396816000
0.9405788000
0.9414563000
0.9423150000
0.9431549000
0.9439744000
0.9447746000
0.9455547000
0.9463153000
0.9470545000
0.9477742000
0.9484720000
0.9491500000
0.9498062000
0.9504416000
0.9510555000
0.9516475000
0.9522185000
0.9527674000
0.9532939000
0.9537990000
0.9542817000
0.9547419000
0.9551788000
0.9555939000
0.9559866000
0.9563566000
0.9567024000
0.9570273000
0.9573276000
0.9576057000
0.9578595000
0.9580912000
0.9582988000
0.9584837000
0.9586453000
0.9587835000
0.9588982000
0.9589889000
0.9590574000
0.9591017000
0.9591223000
0.9591204000
0.9590947000
0.9590456000
0.9589736000
0.9588778000
0.9587588000
0.9586170000
0.9584521000
0.9582638000
0.9580527000
0.9578191000
0.9575625000
0.9572829000
0.9569818000
0.9566567000
0.9563097000
0.9559405000
0.9555499000
0.9551364000
0.9547018000
0.9542458000
0.9537671000
0.9532677000
0.9527470000
0.9522052000
0.9516423000
0.9510591000
0.9504555000
0.9498309000
0.9491867000
0.9485222000
0.9478384000
0.9471346000
0.9464113000
0.9456690000
0.9449088000
0.9441293000
0.9433312000
0.9425143000
0.9416806000
0.9408286000
0.9399585000
0.9390721000
0.9381687000
0.9372476000
0.9363106000
0.9353579000
0.9343882000
0.9334036000
0.9324025000
0.9313872000
0.9303568000
0.9293105000
0.9282512000
0.9271770000
0.9260887000
0.9249880000
0.9238724000
0.9227451000
0.9216046000
0.9204514000
0.9192857000
0.9181079000
0.9169196000
0.9157189000
0.9145070000
0.9132847000
0.9120510000
0.9108082000
0.9095540000
0.9082910000
0.9070179000
0.9057362000
0.9044446000
0.9031458000
0.9018373000
0.9005215000
0.8991972000
0.8978650000
0.8965263000
0.8951799000
0.8938271000
0.8924677000
0.8911011000
0.8897299000
0.8883516000
0.8869679000
0.8855801000
0.8841860000
0.8827880000
0.8813846000
0.8799775000
0.8785661000
0.8771510000
0.8757317000
0.8743097000
0.8728847000
0.8714560000
0.8700253000
0.8685921000
0.8671560000
0.8657184000
0.8642790000
0.8628382000
0.8613957000
0.8599528000
0.8585083000
0.8570627000
0.8556175000
0.8541712000
0.8527245000
0.8512788000
0.8498328000
0.8483871000
0.8469421000
0.8454985000
0.8440549000
0.8426128000
0.8411728000
0.8397335000
0.8382956000
0.8368605000
0.8354259000
0.8339945000
0.8325658000
0.8311394000
0.8297150000
0.8282942000
0.8268756000
0.8254608000
0.8240485000
0.8226403000
0.8212350000
0.8198340000
0.8184361000
0.8170421000
0.8156524000
0.8142678000
0.8128859000
0.8115095000
0.8101373000
0.8087697000
0.8074078000
0.8060501000
0.8046973000
0.8033492000
0.8020072000
0.8006697000
0.7993387000
0.7980123000
0.7966920000
0.7953779000
0.7940686000
0.7927657000
0.7914691000
0.7901783000
0.7888944000
0.7876161000
0.7863443000
0.7850792000
0.7838202000
0.7825681000
0.7813221000
0.7800835000
0.7788518000
0.7776273000
0.7764092000
0.7751986000
0.7739943000
0.7727983000
0.7716084000
0.7704270000
0.7692520000
0.7680849000
0.7669251000
0.7657731000
0.7646284000
0.7634915000
0.7623627000
0.7612409000
0.7601280000
0.7590221000
0.7579238000
0.7568343000
0.7557519000
0.7546783000
0.7536124000
0.7525554000
0.7515060000
0.7504650000
0.7494318000
0.7484067000
0.7473903000
0.7463824000
0.7453829000
0.7443916000
0.7434084000
0.7424348000
0.7414684000
0.7405109000
0.7395626000
0.7386228000
0.7376909000
0.7367682000
0.7358536000
0.7349483000
0.7340512000
0.7331636000
0.7322839000
0.7314126000
0.7305517000
0.7296983000
0.7288538000
0.7280188000
0.7271919000
0.7263739000
0.7255652000
0.7247657000
0.7239743000
0.7231921000
0.7224192000
0.7216547000
0.7208995000
0.7201530000
0.7194157000
0.7186869000
0.7179680000
0.7172569000
0.7165561000
0.7158634000
0.7151804000
0.7145057000
0.7138405000
0.7131841000
0.7125360000
0.7118981000
0.7112683000
0.7106485000
0.7100372000
0.7094357000
0.7088424000
0.7082581000
0.7076824000
0.7071162000
0.7065593000
0.7060117000
0.7054731000
0.7049429000
0.7044223000
0.7039105000
0.7034069000
0.7029134000
0.7024284000
0.7019521000
0.7014857000
0.7010276000
0.7005793000
0.7001386000
0.6997082000
0.6992860000
0.6988733000
0.6984686000