1674.073000000
-777.560384254
0.000000000
231.537533927
0.000000000
-136.102561724
0.000000000
95.895537245
0.000000000
-73.626891147
0.000000000
59.477979678
0.000000000
-49.721416973
0.000000000
42.626196678
0.000000000
-37.278907790
0.000000000
33.147041454
0.000000000
-29.893269148
0.000000000
27.286978118
0.000000000
-25.161366952
0.000000000
23.391887097
0.000000000
-21.885544164
0.000000000
20.573854865
0.000000000
-19.407642593
0.000000000
18.352623794
0.000000000
-17.385857651
0.000000000
16.492845692
0.000000000
-15.665284565
0.000000000
14.898957931
0.000000000
-14.192148395
0.000000000
13.544090215
0.000000000
-12.953878201
0.000000000
12.419646597
0.000000000
-11.938154035
0.000000000
11.504545220
0.000000000
-11.112651326
0.000000000
10.755459737
0.000000000
-10.425863746
0.000000000
10.117301128
0.000000000
-9.824294637
0.000000000
9.542792710
0.000000000
-9.270272851
0.000000000
9.005632402
0.000000000
-8.748949415
0.000000000
8.501163447
0.000000000
-8.263756886
0.000000000
8.038252403
0.000000000
-7.825957451
0.000000000
7.627624053
0.000000000
-7.443304637
0.000000000
7.272273233
0.000000000
-7.113113973
0.000000000
6.963923052
0.000000000
-6.822532061
0.000000000
6.686837215
0.000000000
-6.555020901
0.000000000
6.425739571
0.000000000
-6.298226373
0.000000000
6.172277340
0.000000000
-6.048208983
0.000000000
5.926696804
0.000000000
-5.808637554
0.000000000
5.694941423
0.000000000
-5.586391270
0.000000000
5.483483999
0.000000000
-5.386353159
0.000000000
5.294763051
0.000000000
-5.208119133
0.000000000
5.125564392
0.000000000
-5.046121632
0.000000000
4.968802264
0.000000000
-4.892782621
0.000000000
4.817443905
0.000000000
-4.742483846
0.000000000
4.667892680
0.000000000
-4.593931198
0.000000000
4.521052071
0.000000000
-4.449836894
0.000000000
4.380833584
0.000000000
-4.314519832
0.000000000
4.251204152
0.000000000
-4.190966658
0.000000000
4.133660629
0.000000000
-4.078928289
0.000000000
4.026259269
0.000000000
-3.975079846
0.000000000
3.924809718
0.000000000
-3.874966634
0.000000000
3.825207600
0.000000000
-3.775395582
0.000000000
3.725575495
0.000000000
-3.675953395
0.000000000
3.626873139
0.000000000
-3.578727948
0.000000000
3.531901349
0.000000000
-3.486722818
0.000000000
3.443377052
0.000000000
-3.401917468
0.000000000
3.362226383
0.000000000
-3.324045509
0.000000000
3.287021293
0.000000000
-3.250751174
0.000000000
3.214842941
0.000000000
-3.178974673
0.000000000
3.142938410
0.000000000
-3.106675344
0.000000000
3.070251778
0.000000000
-3.033875442
0.000000000
2.997827754
0.000000000
-2.962438038
0.000000000
2.928014536
0.000000000
-2.894799329
0.000000000
2.862930088
0.000000000
-2.832416246
0.000000000
2.803131166
0.000000000
-2.774837801
0.000000000
2.747215945
0.000000000
-2.719918324
0.000000000
2.692616600
0.000000000
-2.665050942
0.000000000
2.637079437
0.000000000
-2.608681305
0.000000000
2.579983338
0.000000000
-2.551222711
0.000000000
2.522727334
0.000000000
-2.494855771
0.000000000
2.467941711
0.000000000
-2.442241721
0.000000000
2.417885605
0.000000000
-2.394854159
0.000000000
2.372966731
0.000000000
-2.351902471
0.000000000
2.331235173
0.000000000
-2.310486815
0.000000000
2.289191560
0.000000000
-2.266951283
0.000000000
2.243492871
0.000000000
-2.218702753
0.000000000
2.192648228
0.000000000
-2.165588363
0.000000000
2.137946610
0.000000000
-2.110271826
0.000000000
2.083193908
0.000000000
-2.057343314
0.000000000
2.033277573
0.000000000
-2.011411843
0.000000000
1.991964197
0.000000000
-1.974925005
0.000000000
1.960043192
0.000000000
-1.946879042
0.000000000
1.934849197
0.000000000
-1.923309930
0.000000000
1.911639181
0.000000000
-1.899296765
0.000000000
1.885891362
0.000000000
-1.871197870
0.000000000
1.855167004
0.000000000
-1.837917773
0.000000000
1.819700163
0.000000000
-1.800863918
0.000000000
1.781806908
0.000000000
-1.762925822
0.000000000
1.744569827
0.000000000
-1.727003607
0.000000000
1.710374120
0.000000000
-1.694705733
0.000000000
1.679902187
0.000000000
-1.665775344
0.000000000
1.652076487
0.000000000
-1.638548052
0.000000000
1.624949898
0.000000000
-1.611106770
0.000000000
1.596919104
0.000000000
-1.582374549
0.000000000
1.567541578
0.000000000
-1.552551367
0.000000000
1.537570590
0.000000000
-1.522778042
0.000000000
1.508333552
0.000000000
-1.494351203
0.000000000
1.480888865
0.000000000
-1.467940158
0.000000000
1.455434575
0.000000000
-1.443264115
0.000000000
1.431293425
0.000000000
-1.419388490
0.000000000
1.407432906
0.000000000
-1.395353531
0.000000000
1.383121678
0.000000000
-1.370753618
0.000000000
1.358312892
0.000000000
-1.345883788
0.000000000
1.333570622
0.000000000
-1.321465985
0.000000000
1.309645730
0.000000000
-1.298152860
0.000000000
1.286993300
0.000000000
-1.276138602
0.000000000
1.265530443
0.000000000
-1.255095526
0.000000000
1.244758025
0.000000000
-1.234450255
0.000000000
1.224122349
0.000000000
-1.213751969
0.000000000
1.203341311
0.000000000
-1.192917549
0.000000000
1.182523592
0.000000000
-1.172214809
0.000000000
1.162040484
0.000000000
-1.152042102
0.000000000
1.142249826
0.000000000
-1.132666414
0.000000000
1.123284170
0.000000000
-1.114071958
0.000000000
1.104995362
0.000000000
-1.096010811
0.000000000
1.087082441
0.000000000
-1.078182761
0.000000000
1.069297240
0.000000000
-1.060423143
0.000000000
1.051570540
0.000000000
-1.042761642
0.000000000
1.034022948
0.000000000
-1.025382007
0.000000000
1.016861235
0.000000000
-1.008476119
0.000000000
1.000232879
0.000000000
-0.992127437
0.000000000
0.984145623
0.000000000
-0.976267538
0.000000000
0.968470107
0.000000000
-0.960732592
0.000000000
0.953036167
0.000000000
-0.945370717
0.000000000
0.937732946
0.000000000
-0.930125600
0.000000000
0.922559092
0.000000000
-0.915046515
0.000000000
0.907602311
0.000000000
-0.900241340
0.000000000
0.892971865
0.000000000
-0.885799394
0.000000000
0.878720849
0.000000000
-0.871730057
0.000000000
0.864816122
0.000000000
-0.857965180
0.000000000
0.851162852
0.000000000
-0.844397237
0.000000000
0.837660946
0.000000000
-0.830950130
0.000000000
0.824265930
0.000000000
-0.817613705
0.000000000
0.811001149
0.000000000
-0.804438625
0.000000000
0.797934912
0.000000000
-0.791495738
0.000000000
0.785126281
0.000000000
-0.778825297
0.000000000
0.772587405
0.000000000
-0.766405578
0.000000000
0.760267378
0.000000000
-0.754163492
0.000000000
0.748083097
0.000000000
-0.742018329
0.000000000
0.735964094
0.000000000
-0.729919130
0.000000000
0.723888141
0.000000000
-0.717874970
0.000000000
0.711889415
0.000000000
-0.705938068
0.000000000
0.700028737
0.000000000
-0.694165925
0.000000000
0.688352023
0.000000000
-0.682582866
0.000000000
0.676854122
0.000000000
-0.671156754
0.000000000
0.665480358
0.000000000
-0.659814264
0.000000000
0.654149644
0.000000000
-0.648478766
0.000000000
0.642797895
0.000000000
-0.637105882
0.000000000
0.631408258
0.000000000
-0.625707888
0.000000000
0.620014633
0.000000000
-0.614334853
0.000000000
0.608675334
0.000000000
-0.603041373
0.000000000
0.597434200
0.000000000
-0.591850781
0.000000000
0.586286867
0.000000000
-0.580733173
0.000000000
0.575181293
0.000000000
-0.569619712
0.000000000
0.564040529
0.000000000
-0.558436136
0.000000000
0.552802249
0.000000000
-0.547139428
0.000000000
0.541449925
0.000000000
-0.535739465
0.000000000
0.530015613
0.000000000
-0.524286354
0.000000000
0.518558883
0.000000000
-0.512838657
0.000000000
0.507128118
0.000000000
-0.501427158
0.000000000
0.495730725
0.000000000
-0.490032382
0.000000000
0.484323359
0.000000000
-0.478593553
0.000000000
0.472834497
0.000000000
-0.467038529
0.000000000
0.461201856
0.000000000
-0.455322972
0.000000000
0.449405894
0.000000000
-0.443454288
0.000000000
0.437476523
0.000000000
-0.431482732
0.000000000
0.425481519
0.000000000
-0.419480878
0.000000000
0.413485617
0.000000000
-0.407498448
0.000000000
0.401519210
0.000000000
-0.395543795
0.000000000
0.389565440
0.000000000
-0.383576626
0.000000000
0.377569101
0.000000000
-0.371536003
0.000000000
0.365472443
0.000000000
-0.359376569
0.000000000
0.353249580
0.000000000
-0.347095938
0.000000000
0.340923308
0.000000000
-0.334741232
0.000000000
0.328560398
0.000000000
-0.322391452
0.000000000
0.316243397
0.000000000
-0.310122164
0.000000000
0.304032593
0.000000000
-0.297974343
0.000000000
0.291945533
0.000000000
-0.285941770
0.000000000
0.279955446
0.000000000
-0.273980883
0.000000000
0.268011798
0.000000000
-0.262044728
0.000000000
0.256077495
0.000000000
-0.250112008
0.000000000
0.244153898
0.000000000
-0.238209952
0.000000000
0.232290311
0.000000000
-0.226405999
0.000000000
0.220568467
0.000000000
-0.214786627
0.000000000
0.209068762
0.000000000
-0.203419551
0.000000000
0.197840201
0.000000000
-0.192329032
0.000000000
0.186881386
0.000000000
-0.181491196
0.000000000
0.176149460
0.000000000
-0.170850553
0.000000000
0.165587768
0.000000000
-0.160357282
0.000000000
0.155159774
0.000000000
-0.149997444
0.000000000
0.144877442
0.000000000
-0.139808062
0.000000000
0.134800309
0.000000000
-0.129864418
0.000000000
0.125011246
0.000000000
-0.120248647
0.000000000
0.115582355
0.000000000
-0.111013964
0.000000000
0.106541581
0.000000000
-0.102158967
0.000000000
0.097857282
0.000000000
-0.093625596
0.000000000
0.089452780
0.000000000
-0.085328758
0.000000000
0.081245986
0.000000000
-0.077201097
0.000000000
0.073194404
0.000000000
-0.069230959
0.000000000
0.065319738
0.000000000
-0.061471372
0.000000000
0.057698213
0.000000000
-0.054013379
0.000000000
0.050427572
0.000000000
-0.046948593
0.000000000
0.043581457
0.000000000
-0.040324943
0.000000000
0.037173031
0.000000000
-0.034112887
0.000000000
0.031127529
0.000000000
-0.028197207
0.000000000
0.025302457
0.000000000
-0.022427583
0.000000000
0.019563292
0.000000000
-0.016708777
0.000000000
0.013872220
0.000000000
-0.011069872
0.000000000
0.008324454
0.000000000
-0.005665662
0.000000000
0.003157227
0.000000000
-0.001167409
0.000000000
0.001987573
0.000000000
-0.004112367
0.000000000
0.006219005
0.000000000
-0.008204450
0.000000000
0.010060281
0.000000000
-0.011781542
0.000000000
0.013375254
0.000000000
-0.014867454
0.000000000
0.016308278
0.000000000
-0.017771613
0.000000000
0.019343908
0.000000000
-0.021101465
0.000000000
0.023083553
0.000000000
-0.025277552
0.000000000
0.027626248
0.000000000
-0.030049241
0.000000000
0.032462695
0.000000000
-0.034791518
0.000000000
0.036972907
0.000000000
-0.038959944
0.000000000
0.040721628
0.000000000
-0.042245213
0.000000000
0.043535475
0.000000000
-0.044612847
0.000000000
0.045508474
0.000000000
-0.046257256
0.000000000
0.046891728
0.000000000
-0.047439349
0.000000000
0.047922100
0.000000000
-0.048360513
0.000000000
0.048776484
0.000000000
-0.049194719
0.000000000
0.049640384
0.000000000
-0.050134932
0.000000000
0.050690465
0.000000000
-0.051306422
0.000000000
0.051969126
0.000000000
-0.052654041
0.000000000
0.053330554
0.000000000
-0.053967370
0.000000000
0.054537334
0.000000000
-0.055020017
0.000000000
0.055404024
0.000000000
-0.055686015
0.000000000
0.055869698
0.000000000
-0.055965310
0.000000000
0.055986807
0.000000000
-0.055951447
0.000000000
0.055877165
0.000000000
-0.055781700
0.000000000
0.055679539
0.000000000
-0.055580842
0.000000000
0.055489396
0.000000000
-0.055402293
0.000000000
0.055310017
0.000000000
-0.055199147
0.000000000
0.055053311
0.000000000
-0.054856855
0.000000000
0.054596391
0.000000000
-0.054262525
0.000000000
0.053850943
0.000000000
-0.053361618
0.000000000
0.052799435
0.000000000
-0.052172592
0.000000000
0.051491676
0.000000000
-0.050768410
0.000000000
0.050013869
0.000000000
-0.049237280
0.000000000
0.048444960
0.000000000
-0.047638660
0.000000000
0.046816382
0.000000000
-0.045971963
0.000000000
0.045096499
0.000000000
-0.044180054
0.000000000
0.043212918
0.000000000
-0.042187140
0.000000000
0.041097518
0.000000000
-0.039941915
0.000000000
0.038721351
0.000000000
-0.037439625
0.000000000
0.036102531
0.000000000
-0.034717040
0.000000000
0.033290183
0.000000000
-0.031828053
0.000000000
0.030335049
0.000000000
-0.028813340
0.000000000
0.027262452
0.000000000
-0.025679803
0.000000000
0.024061285
0.000000000
-0.022401984
0.000000000
0.020697351
0.000000000
-0.018943790
0.000000000
0.017139376
0.000000000
-0.015283925
0.000000000
0.013378953
0.000000000
-0.011427241
0.000000000
0.009432337
0.000000000
-0.007397832
0.000000000
0.005326822
0.000000000
-0.003221378
0.000000000
0.001082277
0.000000000