1000.0
-637.2488075610523
0.9999556758009878
212.3960440933369
-0.9998227071333485
-127.41335778368764
0.9996011057844034
90.98354169663736
-0.9992908913988435
-70.73801808355951
0.9988920914766638
57.848993667114634
-0.9984047413708107
-48.92116389383134
0.997828884284169
42.37005378456299
-0.997164571265401
-37.35682406692242
0.9964118612049114
33.39583132928997
-0.9955708208292204
-30.186439515345747
0.9946415246951934
27.532581943155144
-0.9936240551834453
-25.30093355505777
0.99251850249103
23.397673278683857
-0.9913249646233887
-21.754861962691955
0.9900435473858038
20.322093369611697
-0.988674364373811
-19.06118117126266
0.9872175369632965
17.942667545718447
-0.9856731942996863
-16.94346412117757
0.9840414732864823
16.045218783236106
-0.9823225185731311
-15.23316048976645
0.980516482542223
14.495266463018897
-0.9786235252959569
-13.821651463809854
0.976643814641953
13.204112995686236
-0.9745775260784002
-12.635787887643868
0.9724248427784612
12.110889680895268
-0.9701859555740636
-11.624505475220806
0.9678610629389757
11.172437099736658
-0.9654503709711934
-10.75107572138066
0.9629540933747155
10.357301956742578
-0.960372451440541
-9.988405634011954
0.9577056740270886
9.642020838351083
-0.9549539975399094
-9.316072948878254
0.952117665910715
9.008735161551863
-0.9491969305757569
-8.71839257327994
0.9461920504535511
8.443612336309048
-0.9431032919218967
-8.18311871872971
0.9399309287942935
7.93577215528982
-0.9366752422956544
-7.7005515630055745
0.9333365210373671
7.476539342998299
-0.9299150609917228
-7.262908604271227
0.9264111654656769
7.058912234641271
-0.9228251450739494
-6.863873514588379
0.9191573177115056
6.677178025737221
-0.9154080085253673
-6.498266650320944
0.9115775498857825
6.3266294937838135
-0.907666281356777
-6.161800591555574
0.903674549666039
6.003353284435441
-0.8996027086741863
-5.85089616608546
0.8954511193434008
5.704069521728857
-0.891220149705429
-5.562542189965544
0.8869101748289446
5.426008790194054
-0.8825215767863216
-5.294187266892012
0.8780547446197419
5.166816709297394
-0.8735100743067222
-5.0436554111178555
0.8688879687250071
4.924479139994469
-0.8641888376168481
-4.809079590732605
0.8594130975526919
4.69726299992829
-0.8545611718942457
-4.58884890267797
0.8496334907569421
4.483669014655854
-0.8446304909718232
-4.38156622505365
0.839552616046804
4.282393687764241
-0.8344003161273604
-4.186013999805999
0.8291740479566251
4.092298457370674
-0.8238742748349076
-4.001126381070819
0.818501466578593
3.9123845029911397
-0.8130560994785327
-3.8259664090384033
0.8075386562577936
3.7417720308550892
-0.8019496260288793
-3.6597071822321343
0.7962895042503667
3.5796831355385876
-0.7905587926829847
-3.501616234195313
0.7847579993451241
3.4254275376635697
-0.7788876384678332
-3.3510424958094625
0.7729482304491923
3.2783906498465143
-0.76694030180821
-3.2074053573590575
0.7608643851381345
3.138023539173929
-0.7547210190592438
-3.0701854460812683
0.7485107481710429
3.003834443611625
-0.7422341230042703
-2.9389168132594143
0.7358916999715159
2.8753815687047095
-0.729484041318482
-2.8131802857285644
0.7230117150738401
2.7522669446469576
-0.7164752949989439
-2.6925977842001347
0.7098753605369627
2.634131165937673
-0.7032124967615065
-2.5768274482295315
0.6964872943247896
2.520648869115301
-0.6897003494052221
-2.465559437276214
0.6828522636545987
2.411524830480376
-0.6759436441447544
-2.3585123009098785
0.668975103313739
2.3064905868319188
-0.661947258911533
-2.255429830123024
0.6548607339452891
2.2053014991986633
-0.6477161566240803
-2.156078316939511
0.6405141603032507
2.107734193239812
-0.6332553834282354
-2.060244161836107
0.6259404694779729
2.0135843211021314
-0.6185700669078673
-1.96773177852244
0.6111448290922992
1.9226645985808135
-0.6036654142667034
-1.8783617538204544
0.5961324854692253
1.8348030788533314
-0.5885467104819331
-1.7919692271127432
0.5809087617716253
1.7498416301606392
-0.5732193164302208
-1.7084024593745943
0.5654790561147303
1.667634589854046
-0.5576886669868295
-1.6275215663968319
0.5498488396520367
1.5880475714089375
-0.5419602690984806
-1.5491973946202813
0.5340236546353068
1.5109564044891424
-0.5260396998306731
-1.4733105211860034
0.5180091124493804
1.4362461910563367
-0.5099326043901358
-1.3997503624682892
0.5018108916224402
1.3638104629585799
-0.49364469412311707
-1.3284143775957742
0.48543473581249696
1.2935504284860073
-0.4771817444902278
-1.259207355351157
0.468886451770768
1.2253742971147776
-0.4605495930185304
-1.1920407744349846
0.45217190728268586
1.1591966731281773
-0.4437541372316542
-1.1268322284308727
0.4352970290872657
1.0949380100505786
-0.42680133255860636
-1.063504907960012
0.41826780077556497
1.0325241188918346
-0.40969719022206363
-1.0019871334938246
0.4010902606689959
0.9718857241072314
-0.392447775106879
-0.942211933133211
0.38377049967821286
0.9129580619546536
-0.37505920360956213
-0.8841166603825883
0.36631465914336714
0.8556805165986177
-0.357537641469488
-0.8276426475660896
0.34872892865647726
0.7999962898850601
-0.3398893015826167
-0.7727348910669685
0.33101954386668386
0.7458521012069044
-0.3221204417984905
-0.7193417650324445
0.31319278426917924
0.6931979143093541
-0.30423736270128654
-0.6674147605856016
0.2952549709785877
0.6419866882562513
-0.2862464053757197
-0.6169082479328605
0.27721246448759046
0.5921741501018314
-0.2681539491585873
-0.5677792590572093
0.2590716624115827
0.5437185870942081
-0.24996640937674658
-0.5199872889503858
0.24083899722017132
0.4965806564824824
-0.23169023507232533
-0.47349411356708515
0.22252093395631423
0.4507232112145214
-0.2133319067159939
-0.4282636228854706
0.20412396794390775
0.4061111400006929
-0.19489793390907567
-0.3842616676346644
0.1856546224846337
0.36271122038438364
-0.1763948530753363
-0.34145591840513134
0.16711944654490157
0.3204919836055282
-0.15782922514326203
-0.2998157359941942
0.14852501243366023
0.2794235901715041
-0.13920763321964824
-0.25931205195934126
0.12987791347196614
0.239477715162991
-0.12053668025532716
-0.21991725845886023
0.11118476165507868
0.20062744240267028
-0.10182298670383585
-0.18160510655263085
0.09245218530794407
0.16284716670251703
-0.08307318817393675
-0.14435061221995266
0.07368682673488341
0.12611250348505698
-0.06429393307668849
-0.10812996942545489
0.05489533986432914
0.09040020514309477
-0.04549188026803154
-0.07292046962944643
0.036084387889428776
0.0556880835647825
-0.026673696687648435
-0.03870042719844918
0.017260640905388522
0.021954938306438798
-0.007846054994964491
-0.0054491102232382405
-0.001569226455665082
-0.01081951005532622
0.010984368796885066
0.026853323700819387
-0.02039853739140543
-0.04265468181593457
0.029810897688266016
0.058225887135059495
-0.03922061529680562
-0.07356919566479825
0.04862685606063098
0.08868681826679403
-0.05802878613156856
-0.10358092218490988
0.06742557204357968
0.11825363251918564
-0.0768163807866473
-0.1327070336485454
0.0862003798806191
0.146943170604386
-0.09557673744901152
-0.1609640503968225
0.1049446222927448
0.174771643295497
-0.11430320396383731
-0.1883678840666687
0.12365165283901527
0.20175467316830575
-0.13298914019326286
-0.21493387790466956
0.14231483827328645
0.22790733354200143
-0.15162792037088718
-0.24067684438682946
0.1609275608962603
0.25324418482806255
-0.1702129354511721
-0.26561110034447266
0.17948322090204172
0.2777793084786828
-0.1887375954529164
-0.28975049977893963
0.19797523871831774
0.3015263387098224
-0.2071953317959676
-0.3131084645330082
0.21639705733938958
0.3244984921592491
-0.22557959963035232
-0.3356980129724305
0.23474214465119278
0.34670859562685286
-0.24388388015697457
-0.3575317868186233
0.2530039957474898
0.3681691120320404
-0.26210168293910197
-0.3786220762619039
0.27117613523641776
0.38889216471251054
-0.2802265482037759
-0.39898084347424145
0.28925211953656715
0.4088895601783684
-0.2982520491323536
-0.4186197446309815
0.30722553916179274
0.4281728094266257
-0.3161717941393703
-0.43755015054237445
0.32509002099391426
0.44675314791297915
-0.3339794291389008
-0.4557831659877646
0.3428392305425405
0.4646415542698433
-0.35166863979763163
-0.47332964783818854
0.36046687419118806
0.48184876785325015
-0.36923315377382704
-0.4902002220464874
0.37796670142890665
0.49838530519447843
-0.38666674294141884
-0.5064052995780417
0.3953325070666208
0.514261475426826
-0.4039632255984077
-0.5219550913498663
0.4125581334374053
0.5294873947525547
-0.42111646865880603
-0.5368596222404338
0.42963747257990065
0.5440730000102119
-0.43812038982734414
-0.5511287442284409
0.44656446840411157
0.5580280613982156
-0.45496895975616625
-0.5647721487141901
0.46333311883881034
0.5713621944064671
-0.47165620418274534
-0.5777993780734128
0.47993747795978625
0.5840848710039874
-0.4881762060482814
-0.5902198364898412
0.4963716580981834
0.5962054301272803
-0.5045231075957981
-0.6020428001097642
0.5126298319281842
0.6077330875109084
-0.5206911124472219
-0.6132774265583549
0.5287062345333026
0.6186769448989082
-0.5366744876586964
-0.6239327638550201
0.5445951654505277
0.6290459986729289
-0.5524675657534002
-0.6340177587627487
0.5602909906916386
0.6388491479306708
-0.5680647467311672
-0.6435412646034655
0.5757881447409324
0.6480952020457842
-0.5834605000541088
-0.6525120485698293
0.5910811325286762
0.6567928877384692
-0.5986493666077759
-0.6609387985612627
0.6061645313795805
0.6649508556838644
-0.6136259606367725
-0.668830129571116
0.6210329929356028
0.6725776866837503
-0.6283849716545213
-0.6761945896489892
0.6356812450523956
0.6796818974253422
-0.6429211663262778
-0.6830406654614346
0.650104093668744
0.686271945849418
-0.6572293903247937
-0.6893767874727326
0.664296424648293
0.6923562361486826
-0.6713045701579688
-0.6952113347656941
0.6782532055929535
0.6979431234157352
-0.6851417149678443
-0.7005526395215578
0.6919694876273206
0.7030409179593426
-0.6987359183002756
-0.7054089911766321
0.7054404071534698
0.7076578893057008
-0.7120823598447072
-0.709788640272524
0.7186611875755224
0.7118022699014026
-0.7251763071433768
-0.7136998020154324
0.7316271409933567
0.7154822585328561
-0.7380131172693779
-0.7171506595593947
0.7443336698648724
0.718706023476738
-0.7505882384729792
-0.7201493670272253
0.756776268636211
0.7214817053947904
-0.7628972117956057
-0.7227040522823645
0.7689505253393616
0.7238174199856858
-0.7749356726509283
-0.7248228194637623
0.7808521231565848
0.7257212604059065
-0.7866993523724731
-0.7265137512955793
0.7924768419510901
0.7272012994709606
-0.7981840797272406
-0.7277849111825269
0.8038205597634402
0.7282655916474483
-0.8093857823947597
-0.7286443451012299
0.8148792542731316
0.7289221748462431
-0.8203004884110747
-0.7291000832975856
0.8256490042248664
0.7291790720261353
-0.830924327577149
-0.7291601417989377
0.8361259908189584
0.7290442926169693
-0.84125353283118
-0.7288325237503326
0.8463064990654325
0.7285258337709436
-0.8512844415843512
-0.7281252205828148
0.856186919101307
0.7276316814499111
-0.8610134970195227
-0.7270462130217394
0.8657637474705977
0.7263698113565951
-0.87043724935244
-0.7256034719426532
0.8750335883665945
0.7247481897168351
-0.8795523570549708
-0.7238049590816559
0.8839931548359643
0.7227747739198518
-0.8883555880399665
-0.7216586276071599
0.8926392699442613
0.7204575130230295
-0.8968438208073117
-0.7191724225593918
0.9009688679024193
0.7178043481276399
-0.905014045550766
-0.7163542811636453
0.9089789951538366
0.7148232126311623
-0.9128633652251991
-0.7132121330232747
0.9166668114216692
0.7115220323622864
-0.9203889965738354
-0.7097539001978688
0.924029590715947
0.7079087256035939
-0.9275882711151656
-0.7059874971718794
0.9310647223001756
0.7039912030073436
-0.9344586360891469
-0.7019208307187498
0.9377697116170609
0.6997773674092731
-0.9409976553623765
-0.6975617996655108
0.944142181173051
0.6952751135449766
-0.94720301029191
-0.6929182945622125
0.9501798713813552
0.6904923276735966
-0.953072500547419
-0.6879981972608067
0.9558806413631618
0.6854368871129837
-0.9586040448913982
-0.6828093804076669
0.9612424697067679
0.6801166596904888
-0.9637956819171383
-0.6773597068536867
0.966263455184337
0.6745395031134525
-0.9686455707442176
-0.6716570289860684
0.9709418174260378
0.6687132642630427
-0.9731519916712505
-0.6657091879851389
0.9752758975514064
0.6626457784153049
-0.9773133467856671
-0.6595240130105411
0.9792641587574212
0.6563448683928322
-0.9811281605303129
-0.6531093203191046
0.9829051868635713
0.6498183436502238
-0.9845950802266568
-0.6464729123189287
0.9861976908132352
0.6430739992971075
-0.9877128765544412
-0.6396225765619461
0.9891405031314864
0.6361196150613706
-0.9904804439875634
-0.6325660846785829
0.9917325803390604
0.6289629541958253
-0.9928968011860972
-0.6253111912572539
0.9939730033223616
0.6216117623312668
-0.994961091344254
-0.6178656326717199
0.9958609776593579
0.6140737662787329
-0.9966725824941933
-0.6102371258586944
0.9973958339012904
0.6063566727834696
-0.9980306677655714
-0.6024333670490442
0.9985770278100308
0.5984681672335549
-0.9990348656007254
-0.5944620304545096
0.9994041405510706
0.5904159123256059
-0.9996848199254316
-0.5863307669127861
0.999876878842032
0.5822075466898455
-0.999980300275157
-0.5780472024933658
0.9999950750566617
0.5738506834772152
-0.999921201876786
-0.5696189370664478
0.999758687284269
0.5653529089106978
-0.999507545685767
-0.5610535428371489
0.9991677993445827
0.5567217808029931
-0.9987394783786847
-0.5523585628473722
0.9982226207580392
0.5479648270429984
-0.9976172723012476
-0.5435415094472588
0.9969234866714799
0.5390895440529448
-0.99614132537172
-0.5346098627385516
0.9952708577393173
0.5301033952183429
-0.9943121609398299
-0.5255710689917531
0.9932653199601933
0.5210138092928089
-0.9921304276011846
-0.516432539038941
0.9909075844691919
0.5118281787795989
-0.9895968989673014
-0.5072016466445398
0.9881984872856827
0.50255385829181
-0.9867124733912892
-0.4978857268554536
0.9851389890168737
0.49319816289300555
-0.9834781736493057
-0.48849207433265807
0.9817301745172053
0.4837683664202503
-0.9798951465778968
-0.47902794166599866
0.9779732525036663
0.47427169979104544
-0.9759646626673438
-0.46950053767378364
0.9738695551272027
0.4647153492960353
-0.9716881156111685
-0.4599170256890258
0.9694205375003593
0.45510645487918566
-0.9670670218119426
-0.450284521833864
0.9646277771813131
0.44545210840683624
-0.9621030198436006
-0.4406100932837558
0.9594929736144971
0.4357593519274431
-0.9567978698704209
-0.43090075652311643
0.9540179475279997
0.4260351759234733
-0.9511534530228969
-0.4211634755937914
0.9482046402879604
0.41628651755686197
-0.9451717707307158
-0.4114051603379545
0.9420551132101903
0.4065202589096679
-0.9388549440130802
-0.401632664636852
0.9355715468292576
0.3967432252213079
-0.9322052127266236
-0.39185278464677586
0.9287562401253022
0.3869621831236256
-0.9252249347711905
-0.38207225703378445
0.9216116097088503
0.3771838388755162
-0.9179165852537596
-0.37229775720835234
0.9141401889639158
0.36741483659802476
-0.9102827556108031
-0.3625358975614028
0.9063446271497055
0.35766175651160736
-0.9023261526894036
-0.35279322570303795
0.8982276884612199
0.3479311131766214
-0.8940495977874428
-0.34307622270510496
0.8897922510491165
0.3382293537383987
-0.8854560256532409
-0.3333913013489786
0.8810413059991568
0.3285628561779106
-0.8765484834447828
-0.32374480437994274
0.8719779562716081
0.3189379275699041
-0.8673301296495464
-0.3141430027685108
0.8626054156009806
0.3093608023485752
-0.8578042329642426
-0.30459209398133946
0.8529270073564806
0.2998376405830009
-0.8479741711359324
-0.2950982002613858
0.842946163363594
0.29037452626286386
-0.8378434297642989
-0.28566736691938416
0.8326664226872065
0.2809774655957681
-0.8274156010656999
-0.27630556063723666
0.8220914303767044
0.27165238531708874
-0.8166943825994217
-0.2670186677847267
0.8112249361734913
0.262405131013699
-0.8056835759565767
-0.257812492750278
0.8000707931813832
0.253241465462104
-0.7943870854121127
-0.2486927562870892
0.7886329565003527
0.2441670669826832
-0.7828089165404137
-0.2396650938753535
0.7769154818241063
0.23518752781034602
-0.7709531747949798
-0.23073505410180256
0.7649225240019971
0.2263083524830346
-0.7588240640526921
-0.22190809705730608
0.7526583355657676
0.2175349562487353
-0.7464258851231775
-0.21318959275364435
0.7401272652216684
0.20887266349217037
-0.7337630342238028
-0.20458481956023927
0.727333756308467
0.2003267061818485
-0.7208400014208446
-0.19609896266175847
0.7142823452219036
0.19190222233846477
-0.7076613690373614
-0.18773711253756337
0.7009776598061495
0.1836042545255006
-0.6942318100283835
-0.17950426346367393
0.6874244177128406
0.175437748362875
-0.6805560863239405
-0.17140531203824105
0.6736274247282604
0.16740755106441568
-0.6666390471405503
-0.16344505573127893
0.6595915730692874
0.15951840999995642
-0.6524856272617582
-0.15562819145934437
0.6453218396486742
0.15177497128294234
-0.6381008452883299
-0.14795931418615688
0.63082328431031
0.14418177838409568
-0.6234898018587338
-0.14044291554966656
0.6161010480350722
0.13674327077219983
-0.6086576778405155
-0.13308338251647658
0.6011603511179063
0.12946378258226143
-0.5936097324932488
-0.1258849960642085
0.5860064913167868
0.12234754131226605
-0.5783513016036689
-0.1188519298925888
0.5706448419742013
0.11539866654879694
-0.5628877955936835
-0.11198824916386657
0.5550808501118494
0.1086211687223822
-0.5472246976019102
-0.10529790927328764
0.5393200344991992
0.10201894789319127
-0.5313675615394374
-0.09878475465009179
0.5233679836966121
0.09559579256764472
-0.5153220101204842
-0.09245251758989748
0.50723035407372
0.08935537854656422
-0.49909373286866676
-0.08630481711879362
0.49091286780375754
0.08330126780547015
-0.48268848409957604
-0.08034515788998009
0.4744213108345606
0.07743690740757964
-0.46611208088037714
-0.07457692911322411
0.4577615308369493
0.07176562844998358
-0.4493704009671614
-0.06900340351794942
0.44093943513123257
0.06629064504369009
-0.4324693807207785
-0.06362773635028107
0.42396098859255243
0.061015053327834634
-0.4154150130018861
-0.05845296440462633
0.4068322115358252
0.0559418305186874
-0.3982133450459697
-0.05348200509015211
0.38955917758102526
0.0510738339938932
-0.3808704763190746
-0.04871765553293894
0.37214801149956434
0.046413800412358874
-0.3633925563550274
-0.04416259171374648
0.3546048870425196
0.04196434487031697
-0.3457857825748956
-0.03981936764237848
0.3369360247515896
0.03772796009371504
-0.3280563980894716
-0.03569041456831734
0.319147689753219
0.033707015667758355
-0.3102106894855547
-0.031778040229100246
0.30124618953723437
0.02990375730355299
-0.29225498459681637
-0.02808442813552836
0.28323787172021714
0.02632030614244074
-0.27419565026004533
-0.024611636895028433
0.26512912179474696
0.022958658098289342
-0.2560390900575474
-0.021361599573049173
0.2469263608651961
0.01982068323807029
-0.2377917420465382
-0.018336123092853485
0.22863604337089855
0.016908125200994606
-0.21946007647629404
-0.015536887674114763
0.21026465479749248
0.014222600656518147
-0.201050593493894
-0.012965446310352458
0.19181870937727116
0.01176559880146033
-0.18256982083936196
-0.010623224285792654
0.17330474777931748
0.009538480896488566
-0.16402431153102132
-0.008511518731529
0.15472933479028145
0.0075424798420993255
-0.14542064154189283
-0.006631498221448484
0.13609905698659983
0.005778699794489972
-0.12676540746793996
-0.00498420240796682
0.11742052039898992
0.004248115821260834
-0.10806522418901815
-0.003570541697860863
0.09870034817004622
0.0029515735973520973
-0.08932672252332902
-0.0023912969682092222
0.0799451782057648
0.0018897891410992185
-0.07055654687622737
-0.001447119322796564
0.06116166082184288
0.0010633485908437823
-0.051761352884209744
-0.0007385298887527258
0.04235645638556634
0.00047270802188825733
-0.03294780505491973
-0.0002659196539123443
0.0235362329541407
0.00011819330404774786
-0.014122574404015209
-2.9549344718077242e-05
0.004707663910292925
1.1934897514720433e-15
0.004707663910292537
-2.9549344711096714e-05
-0.014122574404014876
0.00011819330405489492
0.023536232954140368
-0.0002659196539157721
-0.03294780505491951
0.0004727080218817903
0.04235645638556618
-0.0007385298887579994
-0.0517613528842093
0.0010633485908443097
0.06116166082184249
-0.0014471193227988677
-0.07055654687622714
0.001889789141101772
0.07994517820576447
-0.002391296968215162
-0.08932672252332885
0.0029515735973365403
0.09870034817004597
-0.003570541697846097
-0.10806522418901798
0.004248115821267634
0.11742052039898959
-0.004984202407961907
-0.12676540746793985
0.005778699794488473
0.13609905698659963
-0.00663149822144371
-0.14542064154189283
0.007542479842098687
0.15472933479028123
-0.008511518731538298
-0.16402431153102132
0.009538480896484708
0.17330474777931726
-0.010623224285795152
-0.18256982083936163
0.011765598801460775
0.19181870937727108
-0.012965446310354789
-0.20105059349389381
0.014222600656512319
0.21026465479749246
-0.015536887674113209
-0.2194600764762939
0.01690812520099899
0.2286360433708986
-0.018336123092856038
-0.23779174204653808
0.019820683238073455
0.24692636086519604
-0.021361599573043843
-0.25603909005754727
0.022958658098288676
0.2651291217947471
-0.024611636895028544
-0.2741956502600451
0.026320306142441297
0.28323787172021725
-0.028084428135530137
-0.2922549845968165
0.029903757303544776
0.30124618953723425
-0.03177804022909747
-0.31021068948555486
0.033707015667752804
0.31914768975321917
-0.03569041456832078
-0.32805639808947173
0.03772796009371415
0.33693602475158957
-0.039819367642374814
-0.3457857825748956
0.041964344870336845
0.3546048870425196
-0.044162591713765686
-0.3633925563550275
0.04641380041235632
0.3721480114995643
-0.04871765553292917
-0.3808704763190749
0.051073833993887985
0.3895591775810255
-0.05348200509014234
-0.3982133450459699
0.05594183051868129
0.4068322115358255
-0.058452964404611896
-0.41541501300188627
0.061015053327822644
0.42396098859255243
-0.06362773635027874
-0.43246938072077845
0.06629064504369353
0.44093943513123274
-0.06900340351794354
-0.44937040096716147
0.07176562844997725
0.4577615308369492
-0.07457692911322189
-0.46611208088037703
0.07743690740758213
0.4744213108345607
-0.08034515788997343
-0.482688484099576
0.08330126780547331
0.49091286780375765
-0.08630481711879445
-0.49909373286866676
0.0893553785465625
0.50723035407372
-0.09245251758989348
-0.5153220101204838
0.09559579256763873
0.5233679836966121
-0.09878475465008563
-0.5313675615394375
0.10201894789319033
0.5393200344991993
-0.10529790927328708
-0.5472246976019104
0.10862116872237715
0.5550808501118496
-0.11198824916386885
-0.5628877955936836
0.11539866654879771
0.5706448419742014
-0.11885192989258564
-0.5783513016036692
0.1223475413122681
0.5860064913167868
-0.12588499606421133
-0.5936097324932483
0.12946378258226104
0.6011603511179064
-0.1330833825164765
-0.6086576778405155
0.1367432707721951
0.6161010480350719
-0.14044291554966892
-0.6234898018587336
0.1441817783840949
0.6308232843103099
-0.14795931418614794
-0.6381008452883297
0.15177497128293146
0.6453218396486742
-0.15562819145934068
-0.652485627261758
0.15951840999996084
0.6595915730692872
-0.16344505573127802
-0.6666390471405503
0.16740755106441418
0.6736274247282601
-0.17140531203824455
-0.6805560863239404
0.1754377483628783
0.6874244177128406
-0.179504263463677
-0.6942318100283836
0.1836042545255
0.7009776598061492
-0.18773711253756079
-0.7076613690373615
0.1919022223384644
0.7142823452219035
-0.1960989626617609
-0.7208400014208445
0.20032670618184767
0.7273337563084671
-0.20458481956023655
-0.7337630342238031
0.20887266349217104
0.7401272652216683
-0.21318959275364788
-0.7464258851231773
0.2175349562487389
0.7526583355657676
-0.22190809705730258
-0.758824064052692
0.22630835248303738
0.7649225240019972
-0.23073505410180115
-0.7709531747949798
0.23518752781035326
0.7769154818241066
-0.2396650938753588
-0.7828089165404137
0.24416706698268115
0.7886329565003527
-0.2486927562870932
-0.7943870854121129
0.2532414654621058
0.8000707931813833
-0.2578124927502827
-0.805683575956577
0.26240513101369756
0.8112249361734916
-0.26701866778472
-0.8166943825994218
0.2716523853171
0.8220914303767044
-0.27630556063723904
-0.8274156010657002
0.28097746559576864
0.8326664226872065
-0.2856673669193902
-0.8378434297642994
0.2903745262628704
0.842946163363594
-0.2950982002613918
-0.847974171135933
0.29983764058299145
0.852927007356481
-0.30459209398133114
-0.8578042329642426
0.30936080234857677
0.8626054156009809
-0.31414300276851237
-0.8673301296495469
0.3189379275699151
0.8719779562716086
-0.32374480437995334
-0.8765484834447828
0.3285628561779266
0.8810413059991569
-0.3333913013490246
-0.8854560256532409
0.3382293537384095
0.8897922510491166
-0.3430762227051005
-0.8940495977874428
0.34793111317662545
0.8982276884612197
-0.35279322570303556
-0.9023261526894035
0.3576617565116078
0.9063446271497055
-0.3625358975614097
-0.9102827556108031
0.36741483659803176
0.9141401889639157
-0.37229775720835245
-0.9179165852537591
0.3771838388755244
0.92161160970885
-0.38207225703378933
-0.9252249347711905
0.3869621831236308
0.9287562401253022
-0.3918527846467724
-0.9322052127266232
0.3967432252213101
0.9355715468292576
-0.4016326646368598
-0.9388549440130802
0.4065202589096718
0.9420551132101902
-0.4114051603379576
-0.9451717707307156
0.4162865175568637
0.9482046402879601
-0.42116347559379186
-0.9511534530228967
0.42603517592347695
0.9540179475279995
-0.4309007565231211
-0.9567978698704209
0.4357593519274514
0.9594929736144969
-0.44061009328376655
-0.9621030198436005
0.4454521084068413
0.9646277771813131
-0.45028452183386414
-0.9670670218119427
0.45510645487918955
0.9694205375003592
-0.45991702568902937
-0.9716881156111685
0.4647153492960353
0.973869555127203
-0.46950053767376876
-0.9759646626673435
0.47427169979103606
0.977973252503666
-0.4790279416660003
-0.9798951465778966
0.48376836642025217
0.9817301745172053
-0.4884920743326602
-0.9834781736493052
0.4931981628930043
0.9851389890168734
-0.4978857268554511
-0.9867124733912889
0.5025538582918074
0.9881984872856826
-0.5072016466445419
-0.9895968989673013
0.5118281787796037
0.990907584469192
-0.5164325390389415
-0.9921304276011844
0.521013809292808
0.9932653199601933
-0.5255710689917497
-0.9943121609398297
0.5301033952183437
0.9952708577393172
-0.5346098627385618
-0.99614132537172
0.539089544052942
0.9969234866714799
-0.5435415094472571
-0.9976172723012475
0.5479648270429999
0.9982226207580391
-0.5523585628473706
-0.9987394783786845
0.5567217808029911
0.9991677993445826
-0.5610535428371519
-0.9995075456857672
0.5653529089106959
0.9997586872842688
-0.5696189370664457
-0.9999212018767855
0.5738506834772186
0.9999950750566614
-0.5780472024933658
-0.999980300275157
0.5822075466898424
0.9998768788420318
-0.5863307669127835
-0.9996848199254313
0.5904159123256038
0.9994041405510704
-0.5944620304545132
-0.9990348656007254
0.5984681672335588
0.9985770278100308
-0.6024333670490485
-0.9980306677655714
0.6063566727834641
0.9973958339012903
-0.6102371258586967
-0.9966725824941932
0.6140737662787412
0.9958609776593579
-0.6178656326717129
-0.9949610913442539
0.6216117623312645
0.9939730033223615
-0.6253111912572742
-0.9928968011860972
0.6289629541958117
0.9917325803390604
-0.6325660846785833
-0.9904804439875633
0.6361196150613675
0.9891405031314864
-0.6396225765619415
-0.9877128765544412
0.6430739992971111
0.9861976908132355
-0.6464729123189323
-0.9845950802266568
0.6498183436502218
0.982905186863571
-0.6531093203191052
-0.9811281605303128
0.6563448683928161
0.9792641587574211
-0.6595240130105324
-0.9773133467856672
0.6626457784153148
0.9752758975514064
-0.6657091879851285
-0.9731519916712503
0.668713264262994
0.9709418174260378
-0.671657028986014
-0.9686455707442176
0.6745395031134318
0.966263455184337
-0.6773597068536804
-0.9637956819171382
0.6801166596904851
0.9612424697067677
-0.6828093804076582
-0.9586040448913983
0.6854368871129844
0.9558806413631621
-0.6879981972607905
-0.953072500547419
0.6904923276736016
0.9501798713813548
-0.6929182945622125
-0.9472030102919102
0.6952751135449777
0.944142181173051
-0.6975617996655101
-0.9409976553623767
0.6997773674092701
0.9377697116170607
-0.7019208307187512
-0.9344586360891471
0.7039912030073502
0.9310647223001757
-0.7059874971718788
-0.9275882711151658
0.707908725603596
0.924029590715947
-0.7097539001978729
-0.9203889965738357
0.7115220323622885
0.9166668114216691
-0.7132121330232705
-0.9128633652251993
0.714823212631159
0.908978995153837
-0.7163542811636331
-0.9050140455507661
0.7178043481276224
0.9009688679024194
-0.7191724225593872
-0.896843820807312
0.7204575130230321
0.8926392699442618
-0.7216586276071602
-0.8883555880399667
0.7227747739198518
0.8839931548359645
-0.7238049590816482
-0.8795523570549713
0.7247481897168236
0.8750335883665947
-0.7256034719426464
-0.87043724935244
0.7263698113565912
0.8657637474705981
-0.727046213021738
-0.8610134970195231
0.7276316814499106
0.8561869191013071
-0.7281252205828119
-0.8512844415843516
0.7285258337709456
0.8463064990654326
-0.7288325237503452
-0.8412535328311801
0.7290442926169745
0.8361259908189586
-0.7291601417989353
-0.8309243275771493
0.7291790720261325
0.8256490042248665
-0.7291000832975862
-0.8203004884110752
0.7289221748462442
0.8148792542731318
-0.7286443451012286
-0.8093857823947599
0.7282655916474378
0.8038205597634404
-0.7277849111825135
-0.7981840797272409
0.7272012994709575
0.7924768419510905
-0.7265137512955759
-0.7866993523724735
0.7257212604059079
0.780852123156585
-0.724822819463762
-0.7749356726509286
0.7238174199856857
0.7689505253393621
-0.7227040522823596
-0.7628972117956058
0.7214817053947923
0.7567762686362107
-0.7201493670272167
-0.7505882384729792
0.7187060234767385
0.7443336698648724
-0.7171506595593948
-0.7380131172693778
0.7154822585328535
0.7316271409933567
-0.7136998020154365
-0.7251763071433767
0.7118022699013944
0.7186611875755226
-0.709788640272527
-0.7120823598447075
0.7076578893057057
0.7054404071534701
-0.7054089911766326
-0.6987359183002759
0.7030409179593406
0.6919694876273207
-0.7005526395215582
-0.6851417149678444
0.6979431234157409
0.6782532055929539
-0.695211334765693
-0.671304570157969
0.692356236148671
0.664296424648293
-0.6893767874727368
-0.6572293903247939
0.6862719458494182
0.6501040936687441
-0.683040665461434
-0.6429211663262777
0.6796818974253425
0.6356812450523959
-0.6761945896489898
-0.6283849716545218
0.6725776866837558
0.6210329929356027
-0.6688301295711288
-0.6136259606367724
0.664950855683871
0.6061645313795805
-0.6609387985612631
-0.598649366607776
0.6567928877384783
0.5910811325286764
-0.6525120485698408
-0.5834605000541089
0.6480952020458011
0.5757881447409323
-0.643541264603499
-0.5680647467311672
0.6388491479306799
0.5602909906916386
-0.6340177587627487
-0.5524675657534001
0.6290459986729258
0.5445951654505272
-0.623932763855024
-0.536674487658696
0.6186769448989096
0.5287062345333022
-0.6132774265583567
-0.5206911124472219
0.6077330875109205
0.512629831928184
-0.6020428001097677
-0.5045231075957977
0.5962054301272792
0.4963716580981836
-0.5902198364898348
-0.4881762060482812
0.5840848710039915
0.47993747795978614
-0.5777993780734132
-0.4716562041827452
0.5713621944064604
0.46333311883881034
-0.564772148714165
-0.454968959756166
0.5580280613982167
0.4465644684041116
-0.551128744228442
-0.4381203898273441
0.5440730000102081
0.42963747257990076
-0.5368596222404298
-0.4211164686588059
0.5294873947525618
0.41255813343740566
-0.5219550913498701
-0.40396322559840775
0.5142614754268311
0.3953325070666207
-0.5064052995780481
-0.38666674294141906
0.4983853051944849
0.3779667014289064
-0.49020022204648417
-0.36923315377382726
0.48184876785324804
0.36046687419118806
-0.4733296478381923
-0.3516686397976318
0.46464155426983955
0.3428392305425407
-0.45578316598776314
-0.33397942913890094
0.4467531479129805
0.3250900209939143
-0.4375501505423759
-0.31617179413937035
0.42817280942662994
0.30722553916179285
-0.41861974463097845
-0.2982520491323538
0.40888956017836536
0.28925211953656754
-0.3989808434742431
-0.28022654820377585
0.3888921647125084
0.2711761352364179
-0.3786220762619068
-0.26210168293910224
0.36816911203203917
0.2530039957474901
-0.3575317868186197
-0.24388388015697493
0.34670859562685147
0.23474214465119314
-0.33569801297243246
-0.22557959963035262
0.32449849215925325
0.2163970573393899
-0.3131084645330129
-0.20719533179596772
0.30152633870982104
0.19797523871831796
-0.28975049977894163
-0.18873759545291668
0.277779308478687
0.179483220902042
-0.26561110034447144
-0.17021293545117228
0.2532441848280618
0.16092756089626054
-0.24067684438682924
-0.15162792037088735
0.22790733354200537
0.14231483827328656
-0.2149338779046644
-0.13298914019326274
0.2017546731683021
0.12365165283901547
-0.1883678840666712
-0.11430320396383736
0.17477164329549688
0.10494462229274482
-0.16096405039682177
-0.09557673744901146
0.14694317060437756
0.08620037988061918
-0.13270703364854275
-0.07681638078664721
0.11825363251917886
0.0674255720435798
-0.10358092218491521
-0.05802878613156892
0.08868681826679603
0.04862685606063105
-0.0735691956647988
-0.03922061529680576
0.05822588713505583
0.02981089768826589
-0.04265468181594034
-0.020398537391405624
0.026853323700807286
0.010984368796884969
-0.010819510055297243
-0.0015692264556650959
-0.00544911022323602
-0.007846054994964491
0.02195493830644346
0.017260640905388425
-0.038700427198451015
-0.02667369668764863
0.055688083564788826
0.03608438788942858
-0.07292046962945253
-0.04549188026803169
0.09040020514309699
0.05489533986432943
-0.10812996942545139
-0.06429393307668868
0.1261125034850683
0.07368682673488353
-0.14435061221996648
-0.08307318817393705
0.1628471667025213
0.09245218530794425
-0.18160510655263185
-0.101822986703836
0.20062744240269303
0.11118476165507879
-0.2199172584588851
-0.12053668025532716
0.23947771516300165
0.12987791347196617
-0.2593120519593487
-0.13920763321964805
0.27942359017148977
0.14852501243366037
-0.29981573599418815
-0.1578292251432622
0.3204919836055286
0.16711944654490168
-0.34145591840514533
-0.1763948530753365
0.36271122038437426
0.18565462248463388
-0.38426166763466485
-0.19489793390907556
0.40611114000069126
0.20412396794390741
-0.42826362288546604
-0.21333190671599409
0.4507232112145229
0.22252093395631417
-0.4734941135670869
-0.23169023507232528
0.4965806564824816
0.24083899722017116
-0.5199872889503906
-0.24996640937674658
0.5437185870942051
0.25907166241158264
-0.5677792590572159
-0.2681539491585873
0.5921741501018299
0.2772124644875904
-0.6169082479328595
-0.28624640537571966
0.6419866882562529
0.29525497097858733
-0.667414760585601
-0.30423736270128643
0.6931979143093616
0.31319278426917924
-0.7193417650324483
-0.3221204417984904
0.7458521012069044
0.33101954386668386
-0.772734891066965
-0.33988930158261665
0.7999962898850558
0.34872892865647737
-0.8276426475660874
-0.35753764146948785
0.8556805165986123
0.36631465914336725
-0.8841166603825857
-0.37505920360956185
0.9129580619546529
0.3837704996782126
-0.9422119331332104
-0.3924477751068787
0.9718857241072277
0.40109026066899567
-1.001987133493826
-0.4096971902220632
1.0325241188918353
0.4182678007755645
-1.0635049079600076
-0.42680133255860625
1.094938010050572
0.4352970290872654
-1.126832228430864
-0.44375413723165386
1.1591966731281766
0.4521719072826855
-1.1920407744349821
-0.46054959301852993
1.2253742971147759
0.4688864517707677
-1.25920735535116
-0.47718174449022743
1.2935504284860126
0.4854347358124965
-1.3284143775957955
-0.4936446941231169
1.36381046295858
0.5018108916224403
-1.39975036246829
-0.5099326043901355
1.436246191056342
0.5180091124493802
-1.4733105211859976
-0.5260396998306728
1.510956404489137
0.5340236546353065
-1.5491973946202917
-0.5419602690984805
1.5880475714089222
0.5498488396520363
-1.6275215663968279
-0.5576886669868292
1.667634589854055
0.56547905611473
-1.7084024593745952
-0.573219316430221
1.7498416301606365
0.5809087617716251
-1.7919692271127443
-0.588546710481933
1.8348030788533265
0.5961324854692251
-1.8783617538204609
-0.6036654142667034
1.9226645985808217
0.6111448290922991
-1.967731778522437
-0.6185700669078669
2.013584321102125
0.6259404694779729
-2.0602441618361063
-0.6332553834282353
2.107734193239813
0.6405141603032508
-2.156078316939505
-0.6477161566240802
2.205301499198669
0.6548607339452891
-2.2554298301230107
-0.6619472589115329
2.306490586831908
0.6689751033137391
-2.3585123009098754
-0.6759436441447544
2.411524830480373
0.682852263654599
-2.465559437276216
-0.6897003494052218
2.5206488691152846
0.69648729432479
-2.576827448229535
-0.7032124967615067
2.634131165937669
0.7098753605369627
-2.692597784200137
-0.716475294998944
2.7522669446469585
0.7230117150738404
-2.813180285728553
-0.7294840413184822
2.8753815687046966
0.7358916999715162
-2.9389168132594286
-0.7422341230042703
3.003834443611538
0.7485107481710429
-3.070185446081185
-0.7547210190592438
3.1380235391739184
0.7608643851381345
-3.207405357359049
-0.7669403018082099
3.278390649846515
0.7729482304491923
-3.3510424958094616
-0.7788876384678332
3.425427537663569
0.7847579993451242
-3.5016162341953163
-0.7905587926829847
3.5796831355385965
0.7962895042503663
-3.659707182232128
-0.8019496260288792
3.74177203085509
0.8075386562577936
-3.8259664090383954
-0.8130560994785327
3.912384502991144
0.8185014665785928
-4.001126381070824
-0.8238742748349076
4.0922984573706565
0.8291740479566251
-4.186013999805995
-0.8344003161273603
4.2823936877642454
0.8395526160468039
-4.381566225053653
-0.8446304909718231
4.48366901465585
0.8496334907569418
-4.588848902677965
-0.8545611718942456
4.697262999928287
0.8594130975526919
-4.809079590732608
-0.864188837616848
4.924479139994476
0.8688879687250072
-5.043655411117857
-0.8735100743067223
5.166816709297388
0.878054744619742
-5.294187266892009
-0.8825215767863215
5.426008790194057
0.8869101748289447
-5.562542189965542
-0.8912201497054293
5.7040695217288455
0.8954511193434007
-5.850896166085466
-0.899602708674186
6.003353284435439
0.903674549666039
-6.16180059155557
-0.9076662813567768
6.326629493783817
0.9115775498857821
-6.498266650320946
-0.9154080085253671
6.677178025737213
0.9191573177115053
-6.863873514588367
-0.9228251450739494
7.058912234641269
0.9264111654656767
-7.262908604271239
-0.9299150609917228
7.476539342998297
0.9333365210373668
-7.700551563005574
-0.9366752422956544
7.935772155289822
0.9399309287942933
-8.183118718729707
-0.9431032919218965
8.44361233630905
0.946192050453551
-8.718392573279937
-0.9491969305757568
9.008735161551868
0.9521176659107151
-9.316072948878247
-0.9549539975399095
9.642020838351083
0.9577056740270884
-9.988405634011958
-0.9603724514405408
10.357301956742567
0.9629540933747157
-10.751075721380658
-0.9654503709711935
11.172437099736651
0.9678610629389753
-11.624505475220808
-0.9701859555740633
12.11088968089527
0.972424842778461
-12.635787887643867
-0.9745775260783998
13.204112995686234
0.9766438146419529
-13.82165146380986
-0.9786235252959568
14.495266463018899
0.980516482542223
-15.233160489766455
-0.9823225185731309
16.0452187832361
0.9840414732864822
-16.943464121177577
-0.9856731942996864
17.94266754571845
0.9872175369632965
-19.06118117126266
-0.988674364373811
20.322093369611693
0.9900435473858036
-21.754861962691958
-0.9913249646233886
23.397673278683893
0.99251850249103
-25.3009335550578
-0.9936240551834454
27.53258194315513
0.9946415246951933
-30.186439515345732
-0.9955708208292203
33.39583132928996
0.9964118612049113
-37.356824066922414
-0.9971645712654016
42.370053784562984
0.997828884284169
-48.92116389383132
-0.9984047413708104
57.84899366711464
0.9988920914766637
-70.73801808355952
-0.9992908913988436
90.98354169663736
0.9996011057844038
-127.41335778368762
-0.9998227071333486
212.3960440933369
0.9999556758009878
-637.2488075610524
