1.6740730000
1.2213900000
1.1190660000
1.0911030000
1.0779130000
1.0689690000
1.0614640000
1.0544690000
1.0476620000
1.0409450000
1.0343120000
1.0278080000
1.0214990000
1.0154700000
1.0097850000
1.0045420000
0.9998261000
0.9957154000
0.9922805000
0.9895716000
0.9876230000
0.9864388000
0.9860002000
0.9862617000
0.9871552000
0.9885928000
0.9904712000
0.9926803000
0.9951087000
0.9976444000
1.0001830000
1.0026300000
1.0049000000
1.0069220000
1.0086380000
1.0100060000
1.0109970000
1.0115960000
1.0118050000
1.0116350000
1.0111160000
1.0102830000
1.0091830000
1.0078720000
1.0064090000
1.0048580000
1.0032830000
1.0017460000
1.0003070000
0.9990209000
0.9979318000
0.9970794000
0.9964901000
0.9961802000
0.9961529000
0.9964016000
0.9969079000
0.9976429000
0.9985697000
0.9996472000
1.0008270000
1.0020600000
1.0032970000
1.0044910000
1.0055970000
1.0065780000
1.0074010000
1.0080400000
1.0084800000
1.0087110000
1.0087330000
1.0085520000
1.0081830000
1.0076460000
1.0069670000
1.0061790000
1.0053160000
1.0044150000
1.0035110000
1.0026420000
1.0018420000
1.0011400000
1.0005640000
1.0001330000
0.9998631000
0.9997608000
0.9998274000
1.0000570000
1.0004370000
1.0009490000
1.0015710000
1.0022760000
1.0030340000
1.0038140000
1.0045860000
1.0053210000
1.0059910000
1.0065720000
1.0070450000
1.0073930000
1.0076090000
1.0076850000
1.0076240000
1.0074310000
1.0071170000
1.0066980000
1.0061910000
1.0056180000
1.0050030000
1.0043700000
1.0037430000
1.0031470000
1.0026030000
1.0021310000
1.0017460000
1.0014620000
1.0012850000
1.0012190000
1.0012640000
1.0014130000
1.0016570000
1.0019830000
1.0023730000
1.0028090000
1.0032700000
1.0037360000
1.0041840000
1.0045940000
1.0049500000
1.0052340000
1.0054330000
1.0055390000
1.0055450000
1.0054510000
1.0052580000
1.0049710000
1.0046010000
1.0041590000
1.0036610000
1.0031210000
1.0025610000
1.0019980000
1.0014480000
1.0009310000
1.0004600000
1.0000520000
0.9997159000
0.9994596000
0.9992881000
0.9992021000
0.9991994000
0.9992741000
0.9994170000
0.9996166000
0.9998581000
1.0001280000
1.0004100000
1.0006840000
1.0009370000
1.0011510000
1.0013130000
1.0014130000
1.0014370000
1.0013840000
1.0012480000
1.0010280000
1.0007290000
1.0003560000
0.9999171000
0.9994234000
0.9988884000
0.9983263000
0.9977513000
0.9971792000
0.9966238000
0.9960992000
0.9956194000
0.9951932000
0.9948285000
0.9945308000
0.9943034000
0.9941458000
0.9940541000
0.9940222000
0.9940409000
0.9941004000
0.9941872000
0.9942885000
0.9943894000
0.9944748000
0.9945308000
0.9945453000
0.9945051000
0.9944026000
0.9942293000
0.9939809000
0.9936578000
0.9932592000
0.9927898000
0.9922561000
0.9916682000
0.9910373000
0.9903752000
0.9896957000
0.9890146000
0.9883441000
0.9876993000
0.9870928000
0.9865350000
0.9860339000
0.9855969000
0.9852270000
0.9849256000
0.9846891000
0.9845132000
0.9843896000
0.9843079000
0.9842570000
0.9842212000
0.9841867000
0.9841374000
0.9840598000
0.9839384000
0.9837594000
0.9835129000
0.9831892000
0.9827843000
0.9822931000
0.9817164000
0.9810585000
0.9803256000
0.9795285000
0.9786774000
0.9777903000
0.9768818000
0.9759696000
0.9750734000
0.9742088000
0.9733948000
0.9726457000
0.9719748000
0.9713923000
0.9709035000
0.9705135000
0.9702196000
0.9700158000
0.9698934000
0.9698395000
0.9698362000
0.9698645000
0.9699003000
0.9699222000
0.9699021000
0.9698160000
0.9696386000
0.9693474000
0.9689209000
0.9683399000
0.9675919000
0.9666649000
0.9655548000
0.9642590000
0.9627828000
0.9611363000
0.9593343000
0.9573966000
0.9553477000
0.9532168000
0.9510338000
0.9488365000
0.9466592000
0.9445403000
0.9425161000
0.9406226000
0.9388913000
0.9373538000
0.9360321000
0.9349467000
0.9341102000
0.9335282000
0.9332015000
0.9331211000
0.9332716000
0.9336332000
0.9341791000
0.9348780000
0.9356950000
0.9365928000
0.9375328000
0.9384765000
0.9393870000
0.9402287000
0.9409691000
0.9415799000
0.9420388000
0.9423265000
0.9424300000
0.9423424000
0.9420601000
0.9415871000
0.9409313000
0.9401053000
0.9391251000
0.9380110000
0.9367861000
0.9354739000
0.9341015000
0.9326944000
0.9312784000
0.9298786000
0.9285165000
0.9272137000
0.9259863000
0.9248473000
0.9238064000
0.9228678000
0.9220336000
0.9212994000
0.9206584000
0.9201007000
0.9196121000
0.9191781000
0.9187805000
0.9184013000
0.9180241000
0.9176310000
0.9172046000
0.9167335000
0.9162044000
0.9156080000
0.9149389000
0.9141941000
0.9133742000
0.9124800000
0.9115207000
0.9105006000
0.9094335000
0.9083286000
0.9071992000
0.9060598000
0.9049221000
0.9038000000
0.9027052000
0.9016467000
0.9006337000
0.8996726000
0.8987674000
0.8979183000
0.8971262000
0.8963862000
0.8956929000
0.8950392000
0.8944170000
0.8938158000
0.8932256000
0.8926356000
0.8920357000
0.8914167000
0.8907689000
0.8900860000
0.8893636000
0.8885959000
0.8877842000
0.8869260000
0.8860251000
0.8850844000
0.8841105000
0.8831102000
0.8820895000
0.8810572000
0.8800231000
0.8789939000
0.8779779000
0.8769829000
0.8760144000
0.8750773000
0.8741753000
0.8733095000
0.8724807000
0.8716876000
0.8709271000
0.8701964000
0.8694886000
0.8687997000
0.8681225000
0.8674499000
0.8667767000
0.8660963000
0.8654036000
0.8646925000
0.8639597000
0.8632034000
0.8624213000
0.8616125000
0.8607787000
0.8599204000
0.8590411000
0.8581457000
0.8572367000
0.8563189000
0.8553993000
0.8544804000
0.8535682000
0.8526672000
0.8517805000
0.8509115000
0.8500636000
0.8492379000
0.8484333000
0.8476511000
0.8468900000
0.8461480000
0.8454209000
0.8447076000
0.8440039000
0.8433058000
0.8426087000
0.8419108000
0.8412077000
0.8404959000
0.8397746000
0.8390402000
0.8382931000
0.8375324000
0.8367575000
0.8359702000
0.8351703000
0.8343614000
0.8335453000
0.8327237000
0.8319005000
0.8310787000
0.8302606000
0.8294494000
0.8286465000
0.8278552000
0.8270758000
0.8263103000
0.8255591000
0.8248216000
0.8240984000
0.8233876000
0.8226887000
0.8219983000
0.8213161000
0.8206386000
0.8199640000
0.8192903000
0.8186154000
0.8179367000
0.8172531000
0.8165623000
0.8158647000
0.8151587000
0.8144450000
0.8137232000
0.8129947000
0.8122583000
0.8115182000
0.8107733000
0.8100272000
0.8092801000
0.8085348000
0.8077921000
0.8070556000
0.8063234000
0.8055992000
0.8048825000
0.8041748000
0.8034756000
0.8027841000
0.8021012000
0.8014252000
0.8007549000
0.8000897000
0.7994278000
0.7987682000
0.7981080000
0.7974462000
0.7967828000
0.7961146000
0.7954415000
0.7947626000
0.7940774000
0.7933864000
0.7926870000
0.7919821000
0.7912715000
0.7905564000
0.7898362000
0.7891133000
0.7883888000
0.7876642000
0.7869398000
0.7862179000
0.7854984000
0.7847821000
0.7840710000
0.7833649000
0.7826636000
0.7819669000
0.7812759000
0.7805878000
0.7799034000
0.7792209000
0.7785398000
0.7778570000
0.7771731000
0.7764864000
0.7757942000
0.7750970000
0.7743922000
0.7736801000
0.7729590000
0.7722283000
0.7714892000
0.7707398000
0.7699813000
0.7692147000
0.7684401000
0.7676575000
0.7668696000
0.7660766000
0.7652803000
0.7644806000
0.7636795000
0.7628780000
0.7620760000
0.7612757000
0.7604752000
0.7596776000
0.7588803000
0.7580834000
0.7572873000
0.7564904000
0.7556919000
0.7548901000
0.7540844000
0.7532731000
0.7524533000
0.7516251000
0.7507865000
0.7499364000
0.7490737000
0.7481973000
0.7473056000
0.7463992000
0.7454773000
0.7445399000
0.7435868000
0.7426206000
0.7416399000
0.7406454000
0.7396394000
0.7386227000
0.7375965000
0.7365611000
0.7355185000
0.7344688000
0.7334134000
0.7323531000
0.7312876000
0.7302174000
0.7291427000
0.7280618000
0.7269751000
0.7258818000
0.7247796000
0.7236671000
0.7225446000
0.7214093000
0.7202593000
0.7190925000
0.7179087000
0.7167054000
0.7154820000
0.7142364000
0.7129685000
0.7116772000
0.7103615000
0.7090230000
0.7076604000
0.7062749000
0.7048668000
0.7034370000
0.7019869000
0.7005173000
0.6990295000
0.6975247000
0.6960042000
0.6944686000
0.6929198000
0.6913582000
0.6897830000
0.6881964000
0.6865966000
0.6849852000
0.6833600000
0.6817205000
0.6800658000
0.6783940000
0.6767045000
0.6749945000
0.6732631000
0.6715077000
0.6697264000
0.6679184000
0.6660811000
0.6642133000
0.6623147000
0.6603836000
0.6584199000
0.6564230000
0.6543925000
0.6523302000
0.6502362000
0.6481103000
0.6459543000
0.6437693000
0.6415571000
0.6393200000
0.6370578000
0.6347735000
0.6324677000
0.6301419000
0.6277975000
0.6254341000
0.6230534000
0.6206550000
0.6182386000
0.6158053000
0.6133520000
0.6108795000
0.6083864000
0.6058707000
0.6033303000
0.6007641000
0.5981707000
0.5955471000
0.5928931000
0.5902057000
0.5874848000
0.5847283000
0.5819359000
0.5791071000
0.5762411000
0.5733385000
0.5703999000
0.5674257000
0.5644171000
0.5613752000
0.5583029000
0.5552009000
0.5520709000
0.5489155000
0.5457370000
0.5425369000
0.5393175000
0.5360803000
0.5328264000
0.5295565000
0.5262729000
0.5229751000
0.5196646000
0.5163392000
0.5130004000
0.5096469000
0.5062765000
0.5028899000
0.4994846000
0.4960583000
0.4926105000
0.4891397000
0.4856430000
0.4821206000
0.4785695000
0.4749904000
0.4713821000
0.4677438000
0.4640750000
0.4603764000
0.4566497000
0.4528954000
0.4491146000
0.4453089000
0.4414805000
0.4376315000
0.4337648000
0.4298823000
0.4259871000
0.4220817000
0.4181684000
0.4142488000
0.4103255000
0.4064007000
0.4024745000
0.3985492000
0.3946250000
0.3907018000
0.3867801000
0.3828590000
0.3789373000
0.3750144000
0.3710881000
0.3671575000
0.3632209000
0.3592750000
0.3553178000
0.3513501000
0.3473672000
0.3433691000
0.3393549000
0.3353227000
0.3312722000
0.3272043000
0.3231195000
0.3190179000
0.3149004000
0.3107704000
0.3066291000
0.3024791000
0.2983227000
0.2941638000
0.2900047000
0.2858485000
0.2816977000
0.2775561000
0.2734264000
0.2693099000
0.2652097000
0.2611272000
0.2570624000
0.2530166000
0.2489905000
0.2449831000
0.2409923000
0.2370175000
0.2330561000
0.2291052000
0.2251638000
0.2212267000
0.2172918000
0.2133553000
0.2094152000
0.2054681000
0.2015107000
0.1975423000
0.1935602000
0.1895646000
0.1855550000
0.1815318000
0.1774950000
0.1734484000
0.1693917000
0.1653302000
0.1612667000
0.1572041000
0.1531465000
0.1490979000
0.1450629000
0.1410462000
0.1370508000
0.1330808000
0.1291402000
0.1252299000
0.1213547000
0.1175146000
0.1137115000
0.1099445000
0.1062120000
0.1025135000
0.0988448600
0.0952019800
0.0915799900
0.0879731000
0.0843748600
0.0807786900
0.0771776800
0.0735653100
0.0699354000
0.0662829000
0.0626033800
0.0588939600
0.0551532400
0.0513811800
0.0475796300
0.0437519000
0.0399028500
0.0360388400
0.0321674800
0.0282975300
0.0244389400
0.0206034400
0.0168060600
0.0130721800
0.0094633930
0.0061648250
0.0035361270
0.0034837230
0.0060845840
0.0093492510
0.0127245400
0.0161165300
0.0194515500
0.0227282900
0.0259422300
0.0290880000
0.0321614000
0.0351600400
0.0380835400
0.0409349500
0.0437211900
0.0464539900
0.0491503600
0.0518332300
0.0545311700
0.0572780900
0.0601115200
0.0630707300
0.0661938900
0.0695148600
0.0730598800
0.0768449900
0.0808747000
0.0851414300
0.0896274400
0.0943064500
0.0991465000
0.1041122000
0.1091675000
0.1142745000
0.1194002000
0.1245096000
0.1295723000
0.1345590000
0.1394440000
0.1442058000
0.1488239000
0.1532829000
0.1575723000
0.1616839000
0.1656138000
0.1693642000
0.1729387000
0.1763468000
0.1795999000
0.1827118000
0.1856970000
0.1885720000
0.1913507000
0.1940479000
0.1966786000
0.1992533000
0.2017834000
0.2042791000
0.2067501000
0.2092077000
0.2116623000
0.2141267000
0.2166146000
0.2191403000
0.2217199000
0.2243683000
0.2271000000
0.2299293000
0.2328669000
0.2359209000
0.2390954000
0.2423910000
0.2458043000
0.2493274000
0.2529497000
0.2566565000
0.2604311000
0.2642557000
0.2681108000
0.2719784000
0.2758384000
0.2796759000
0.2834748000
0.2872222000
0.2909069000
0.2945231000
0.2980623000
0.3015242000
0.3049076000
0.3082136000
0.3114463000
0.3146132000
0.3177193000
0.3207762000
0.3237921000
0.3267815000
0.3297547000
0.3327256000
0.3357082000
0.3387156000
0.3417605000
0.3448537000
0.3480079000
0.3512293000
0.3545270000
0.3579027000
0.3613593000
0.3648939000
0.3685053000
0.3721829000
0.3759206000
0.3797071000
0.3835297000
0.3873746000
0.3912292000
0.3950796000
0.3989113000
0.4027136000
0.4064748000
0.4101857000
0.4138391000
0.4174303000
0.4209553000
0.4244127000
0.4278039000
0.4311328000
0.4344038000
0.4376253000
0.4408040000
0.4439520000
0.4470797000
0.4501998000
0.4533248000
0.4564667000
0.4596383000
0.4628503000
0.4661136000
0.4694371000
0.4728273000
0.4762878000
0.4798198000
0.4834253000
0.4870978000
0.4908331000
0.4946241000
0.4984577000
0.5023257000
0.5062128000
0.5101070000
0.5139933000
0.5178606000
0.5216945000
0.5254841000
0.5292200000
0.5328940000
0.5364995000
0.5400340000
0.5434942000
0.5468824000
0.5502001000
0.5534546000
0.5566516000
0.5598000000
0.5629115000
0.5659974000
0.5690710000
0.5721438000
0.5752300000
0.5783414000
0.5814892000
0.5846846000
0.5879350000
0.5912465000
0.5946214000
0.5980624000
0.6015657000
0.6051284000
0.6087430000
0.6124006000
0.6160892000
0.6197974000
0.6235112000
0.6272173000
0.6309004000
0.6345479000
0.6381472000
0.6416866000
0.6451566000
0.6485499000
0.6518610000
0.6550863000
0.6582261000
0.6612803000
0.6642551000
0.6671569000
0.6699923000
0.6727738000
0.6755117000
0.6782181000
0.6809079000
0.6835926000
0.6862859000
0.6889983000
0.6917397000